"","rs138190086","rs6504163","rs4277405","rs4309","rs4311","rs9896208"
"rs138190086",1,0.00580515,0.00560065,0.0119234,0.00567481,0.00465502
"rs6504163",0.00580515,1,0.925357,0.419024,0.574358,0.300129
"rs4277405",0.00560065,0.925357,1,0.429586,0.585602,0.307705
"rs4309",0.0119234,0.419024,0.429586,1,0.607474,0.372811
"rs4311",0.00567481,0.574358,0.585602,0.607474,1,0.417841
"rs9896208",0.00465502,0.300129,0.307705,0.372811,0.417841,1
