"","rs9271058","rs6605556","rs6931277","rs1846190","rs3104381","rs9275152","rs3957148","rs9275599"
"rs9271058",1,0.067807,0.067807,0.09137,0.067956,0.0384691,0.0375665,0.0344713
"rs6605556",0.067807,1,1,0.474718,0.996168,0.53699,0.485609,0.445512
"rs6931277",0.067807,1,1,0.474718,0.996168,0.53699,0.485609,0.445512
"rs1846190",0.09137,0.474718,0.474718,1,0.47262,0.25419,0.229574,0.209706
"rs3104381",0.067956,0.996168,0.996168,0.47262,1,0.53931,0.487728,0.447393
"rs9275152",0.0384691,0.53699,0.53699,0.25419,0.53931,1,0.800681,0.805424
"rs3957148",0.0375665,0.485609,0.485609,0.229574,0.487728,0.800681,1,0.910274
"rs9275599",0.0344713,0.445512,0.445512,0.209706,0.447393,0.805424,0.910274,1
