"","rs763665","rs9930957","rs35909200","rs79940707","rs34417180","rs35549608","rs9923575"
"rs763665",1,0.974527,0.954756,0.924019,0.825185,0.874666,0.679268
"rs9930957",0.974527,1,0.972545,0.935231,0.830455,0.882041,0.689308
"rs35909200",0.954756,0.972545,1,0.94427,0.838373,0.893894,0.697722
"rs79940707",0.924019,0.935231,0.94427,1,0.885109,0.9319,0.69355
"rs34417180",0.825185,0.830455,0.838373,0.885109,1,0.905048,0.673443
"rs35549608",0.874666,0.882041,0.893894,0.9319,0.905048,1,0.740434
"rs9923575",0.679268,0.689308,0.697722,0.69355,0.673443,0.740434,1
