"","rs74685827","rs80256323","rs11218343","rs3781831","rs17125473","rs3781834","rs75279208","rs1620130","rs3781837","rs59260691","rs76490923","rs117807585","rs146197030","rs2282647","rs75549187","rs76797208","rs12274536","rs12274541","rs11218360","rs12287339","rs17125523","rs3737529","rs7127056","rs17125548","rs11828225"
"rs74685827",1,0.000293654,0.000634729,0.000302237,0.000302237,0.000299777,0.000299777,0.000297323,0.000299777,0.000288782,0.000293654,0.000299777,0.000396507,0.000315203,0.000386872,0.00040703,0.000401628,0.000424982,0.000437333,0.00043458,0.000419255,0.00040028,0.000425413,0.000411547,0.000463628
"rs80256323",0.000293654,1,0.545011,0.992506,0.992506,0.990349,0.990349,0.992479,0.990349,0.995687,0.989246,0.983937,0.920182,0.939136,0.882556,0.868986,0.872565,0.856877,0.849149,0.850855,0.861033,0.869535,0.701785,0.70887,0.70309
"rs11218343",0.000634729,0.545011,1,0.549041,0.549041,0.547889,0.547889,0.540727,0.547889,0.542709,0.542602,0.544279,0.504367,0.513724,0.482834,0.478129,0.480252,0.470966,0.473633,0.472495,0.47778,0.475277,0.37898,0.384496,0.380191
"rs3781831",0.000302237,0.992506,0.549041,1,1,0.997858,0.997858,0.985038,0.997858,0.988226,0.988228,0.991443,0.919492,0.932073,0.875892,0.868253,0.871832,0.856144,0.856057,0.857777,0.868052,0.862961,0.6964,0.703436,0.697697
"rs17125473",0.000302237,0.992506,0.549041,1,1,0.997858,0.997858,0.985038,0.997858,0.988226,0.988228,0.991443,0.919492,0.932073,0.875892,0.868253,0.871832,0.856144,0.856057,0.857777,0.868052,0.862961,0.6964,0.703436,0.697697
"rs3781834",0.000299777,0.990349,0.547889,0.997858,0.997858,1,1,0.987153,1,0.990347,0.990349,0.993572,0.92147,0.934081,0.877786,0.870133,0.873719,0.858,0.857914,0.859637,0.869933,0.86483,0.697931,0.704981,0.69923
"rs75279208",0.000299777,0.990349,0.547889,0.997858,0.997858,1,1,0.987153,1,0.990347,0.990349,0.993572,0.92147,0.934081,0.877786,0.870133,0.873719,0.858,0.857914,0.859637,0.869933,0.86483,0.697931,0.704981,0.69923
"rs1620130",0.000297323,0.992479,0.540727,0.985038,0.985038,0.987153,0.987153,1,0.987153,0.992476,0.986054,0.980761,0.917206,0.936097,0.879688,0.866158,0.869727,0.854085,0.84638,0.84808,0.858228,0.866706,0.704531,0.711649,0.705853
"rs3781837",0.000299777,0.990349,0.547889,0.997858,0.997858,1,1,0.987153,1,0.990347,0.990349,0.993572,0.92147,0.934081,0.877786,0.870133,0.873719,0.858,0.857914,0.859637,0.869933,0.86483,0.697931,0.704981,0.69923
"rs59260691",0.000288782,0.995687,0.542709,0.988226,0.988226,0.990347,0.990347,0.992476,0.990347,1,0.993532,0.988202,0.924179,0.943218,0.886408,0.872784,0.876378,0.860627,0.852868,0.854581,0.864799,0.873335,0.704897,0.71201,0.706207
"rs76490923",0.000293654,0.989246,0.542602,0.988228,0.988228,0.990349,0.990349,0.986054,0.990349,0.993532,1,0.994636,0.930644,0.94328,0.886533,0.8788,0.882418,0.86655,0.858739,0.860463,0.870761,0.873465,0.705169,0.71229,0.706488
"rs117807585",0.000299777,0.983937,0.544279,0.991443,0.991443,0.993572,0.993572,0.980761,0.993572,0.988202,0.994636,1,0.927729,0.940268,0.883724,0.876005,0.879613,0.863787,0.863677,0.865411,0.875779,0.870697,0.702984,0.710088,0.704303
"rs146197030",0.000396507,0.920182,0.504367,0.919492,0.919492,0.92147,0.92147,0.917206,0.92147,0.924179,0.930644,0.927729,1,0.912995,0.861141,0.853756,0.857273,0.841893,0.835138,0.836817,0.845943,0.85031,0.751782,0.759381,0.753256
"rs2282647",0.000315203,0.939136,0.513724,0.932073,0.932073,0.934081,0.934081,0.936097,0.934081,0.943218,0.94328,0.940268,0.912995,1,0.935254,0.920899,0.924686,0.908014,0.901792,0.9036,0.912487,0.921632,0.748543,0.755129,0.749056
"rs75549187",0.000386872,0.882556,0.482834,0.875892,0.875892,0.877786,0.877786,0.879688,0.877786,0.886408,0.886533,0.883724,0.861141,0.935254,1,0.98468,0.988721,0.970837,0.962114,0.96404,0.975701,0.985635,0.801896,0.808324,0.801913
"rs76797208",0.00040703,0.868986,0.478129,0.868253,0.868253,0.870133,0.870133,0.866158,0.870133,0.872784,0.8788,0.876005,0.853756,0.920899,0.98468,1,0.98572,0.985912,0.977053,0.979009,0.990881,0.990808,0.792919,0.795764,0.805277
"rs12274536",0.000401628,0.872565,0.480252,0.871832,0.871832,0.873719,0.873719,0.869727,0.873719,0.876378,0.882418,0.879613,0.857273,0.924686,0.988721,0.98572,1,0.98189,0.973068,0.975015,0.986831,0.976533,0.796223,0.799077,0.792733
"rs12274541",0.000424982,0.856877,0.470966,0.856144,0.856144,0.858,0.858,0.854085,0.858,0.860627,0.86655,0.863787,0.841893,0.908014,0.970837,0.985912,0.98189,1,0.991015,0.992999,0.986922,0.976861,0.781708,0.784526,0.793893
"rs11218360",0.000437333,0.849149,0.473633,0.856057,0.856057,0.857914,0.857914,0.84638,0.857914,0.852868,0.858739,0.863677,0.835138,0.901792,0.962114,0.977053,0.973068,0.991015,1,0.998003,0.986027,0.968082,0.77555,0.779099,0.788389
"rs12287339",0.00043458,0.850855,0.472495,0.857777,0.857777,0.859637,0.859637,0.84808,0.859637,0.854581,0.860463,0.865411,0.836817,0.9036,0.96404,0.979009,0.975015,0.992999,0.998003,1,0.988,0.97002,0.777126,0.780681,0.789989
"rs17125523",0.000419255,0.861033,0.47778,0.868052,0.868052,0.869933,0.869933,0.858228,0.869933,0.864799,0.870761,0.875779,0.845943,0.912487,0.975701,0.990881,0.986831,0.986922,0.986027,0.988,1,0.981771,0.78558,0.788403,0.79783
"rs3737529",0.00040028,0.869535,0.475277,0.862961,0.862961,0.86483,0.86483,0.866706,0.86483,0.873335,0.873465,0.870697,0.85031,0.921632,0.985635,0.990808,0.976533,0.976861,0.968082,0.97002,0.981771,1,0.797053,0.803455,0.813028
"rs7127056",0.000425413,0.701785,0.37898,0.6964,0.6964,0.697931,0.697931,0.704531,0.697931,0.704897,0.705169,0.702984,0.751782,0.748543,0.801896,0.792919,0.796223,0.781708,0.77555,0.777126,0.78558,0.797053,1,0.984924,0.973698
"rs17125548",0.000411547,0.70887,0.384496,0.703436,0.703436,0.704981,0.704981,0.711649,0.704981,0.71201,0.71229,0.710088,0.759381,0.755129,0.808324,0.795764,0.799077,0.784526,0.779099,0.780681,0.788403,0.803455,0.984924,1,0.988618
"rs11828225",0.000463628,0.70309,0.380191,0.697697,0.697697,0.69923,0.69923,0.705853,0.69923,0.706207,0.706488,0.704303,0.753256,0.749056,0.801913,0.805277,0.792733,0.793893,0.788389,0.789989,0.79783,0.813028,0.973698,0.988618,1
