"","rs187370608","rs10947943","rs114812713","rs140574056","rs189239172","rs146846084","rs181286180","rs147875157","rs143332484","rs75932628","rs60755019","rs9381040"
"rs187370608",1,0.00131526,0.195999,0.000114164,0.000118378,0.000105219,0.000104694,0.000117324,4.72592e-06,0.878659,4.20536e-05,0.00248619
"rs10947943",0.00131526,1,0.00421203,0.000674781,0.000759685,0.000693917,0.000683086,0.000738228,0.000536767,0.00136762,0.000482831,0.182079
"rs114812713",0.195999,0.00421203,1,0.00027961,0.000297497,0.000241994,0.0002398,0.000293015,9.52532e-05,0.196498,1.12802e-07,0.0103301
"rs140574056",0.000114164,0.000674781,0.00027961,1,0.964401,0.849385,0.844791,0.955189,0.320851,0.000107715,3.68498e-05,0.000712818
"rs189239172",0.000118378,0.000759685,0.000297497,0.964401,1,0.888841,0.8844,0.991098,0.336092,0.000111784,3.82483e-05,0.000788966
"rs146846084",0.000105219,0.000693917,0.000241994,0.849385,0.888841,1,0.995004,0.896825,0.379523,9.95875e-05,3.38815e-05,0.00182356
"rs181286180",0.000104694,0.000683086,0.0002398,0.844791,0.8844,0.995004,1,0.892344,0.377588,9.90799e-05,3.37071e-05,0.00179568
"rs147875157",0.000117324,0.000738228,0.000293015,0.955189,0.991098,0.896825,0.892344,1,0.339211,0.000110766,3.78986e-05,0.000789411
"rs143332484",4.72592e-06,0.000536767,9.52532e-05,0.320851,0.336092,0.379523,0.377588,0.339211,1,1.64444e-06,1.95309e-05,0.00522329
"rs75932628",0.878659,0.00136762,0.196498,0.000107715,0.000111784,9.95875e-05,9.90799e-05,0.000110766,1.64444e-06,1,3.97544e-05,0.00273495
"rs60755019",4.20536e-05,0.000482831,1.12802e-07,3.68498e-05,3.82483e-05,3.38815e-05,3.37071e-05,3.78986e-05,1.95309e-05,3.97544e-05,1,8.53538e-06
"rs9381040",0.00248619,0.182079,0.0103301,0.000712818,0.000788966,0.00182356,0.00179568,0.000789411,0.00522329,0.00273495,8.53538e-06,1
