"","rs567070335","rs117962023","rs78749443","rs2070217","rs4807468","rs111278892","rs3795065","rs3764643","rs10406449","rs3752228","rs3764644","rs3764645","rs3764646","rs3752230","rs3752231","rs3752232","rs118021271","rs113767014","rs3764647","rs547447016","rs12151021","rs3752246"
"rs567070335",1,0.000259809,0.000267339,0.000296522,0.00240709,0.00103761,0.00228432,0.00029944,0.000301881,0.0003004,0.00030032,0.00368405,0.000302803,0.000296959,0.00178522,0.000303284,0.000297919,0.000297919,0.000301841,6.35209e-05,0.002013,0.000441918
"rs117962023",0.000259809,1,0.968666,0.560317,0.0297209,0.010107,0.0260898,0.555568,0.552199,0.554705,0.552655,0.00628171,0.548979,0.553883,0.0401501,0.547661,0.553016,0.553016,0.5427,0.000319964,0.0216494,0.0102394
"rs78749443",0.000267339,0.968666,1,0.580168,0.0309033,0.00987937,0.0271481,0.575276,0.571794,0.574384,0.572348,0.00679933,0.56853,0.573647,0.0425245,0.567185,0.572752,0.572752,0.56307,0.000255398,0.0232996,0.0103701
"rs2070217",0.000296522,0.560317,0.580168,1,0.0730683,0.00702179,0.0679119,0.990716,0.985081,0.989301,0.986416,0.0317385,0.98011,0.989958,0.10634,0.977998,0.988534,0.988534,0.971609,0.000203134,0.0713355,0.0068075
"rs4807468",0.00240709,0.0297209,0.0309033,0.0730683,1,0.372328,0.929677,0.0736428,0.0735872,0.0735049,0.0732406,0.409726,0.0727815,0.0728673,0.27548,0.0734019,0.0727297,0.0727297,0.0729213,0.00122543,0.371188,0.0677602
"rs111278892",0.00103761,0.010107,0.00987937,0.00702179,0.372328,1,0.347101,0.00709995,0.007052,0.0071291,0.0071203,0.148717,0.00707808,0.0070319,0.513425,0.00702945,0.00706103,0.00706103,0.00698601,0.000174996,0.199179,0.000735865
"rs3795065",0.00228432,0.0260898,0.0271481,0.0679119,0.929677,0.347101,1,0.0684291,0.068356,0.0682903,0.0680417,0.439254,0.0675832,0.0677182,0.322004,0.068315,0.0675797,0.0675797,0.0677239,0.00139983,0.384329,0.0846969
"rs3764643",0.00029944,0.555568,0.575276,0.990716,0.0736428,0.00709995,0.0684291,1,0.995736,0.998573,0.995713,0.0320986,0.98934,0.989287,0.107442,0.988636,0.987863,0.987863,0.982247,0.000205072,0.071129,0.00691042
"rs10406449",0.000301881,0.552199,0.571794,0.985081,0.0735872,0.007052,0.068356,0.995736,1,0.997157,0.994315,0.0323741,0.987947,0.983659,0.1081,0.992903,0.985079,0.985079,0.986526,0.000206691,0.0710659,0.0068833
"rs3752228",0.0003004,0.554705,0.574384,0.989301,0.0735049,0.0071291,0.0682903,0.998573,0.997157,1,0.997146,0.0322365,0.990761,0.987874,0.107513,0.990057,0.9893,0.9893,0.98367,0.000205714,0.0708409,0.00694376
"rs3764644",0.00030032,0.552655,0.572348,0.986416,0.0732406,0.0071203,0.0680417,0.995713,0.994315,0.997146,1,0.0322868,0.990754,0.987835,0.107552,0.990049,0.989267,0.989267,0.983645,0.000205686,0.0708822,0.00693034
"rs3764645",0.00368405,0.00628171,0.00679933,0.0317385,0.409726,0.148717,0.439254,0.0320986,0.0323741,0.0322365,0.0322868,1,0.0326784,0.0322648,0.271876,0.032848,0.0324033,0.0324033,0.0325436,0.00415668,0.407991,0.159048
"rs3764646",0.000302803,0.548979,0.56853,0.98011,0.0727815,0.00707808,0.0675832,0.98934,0.987947,0.990761,0.990754,0.0326784,1,0.990047,0.107883,0.992192,0.991468,0.991468,0.985813,0.000206998,0.0711694,0.00702732
"rs3752230",0.000296959,0.553883,0.573647,0.989958,0.0728673,0.0070319,0.0677182,0.989287,0.983659,0.987874,0.987835,0.0322648,0.990047,1,0.107498,0.98792,0.998563,0.998563,0.981501,0.000203439,0.0718917,0.00681735
"rs3752231",0.00178522,0.0401501,0.0425245,0.10634,0.27548,0.513425,0.322004,0.107442,0.1081,0.107513,0.107552,0.271876,0.107883,0.107498,1,0.109127,0.107569,0.107569,0.107818,0.000866475,0.41257,0.020789
"rs3752232",0.000303284,0.547661,0.567185,0.977998,0.0734019,0.00702945,0.068315,0.988636,0.992903,0.990057,0.990049,0.032848,0.992192,0.98792,0.109127,1,0.98934,0.98934,0.990771,0.000207641,0.0716286,0.00675433
"rs118021271",0.000297919,0.553016,0.572752,0.988534,0.0727297,0.00706103,0.0675797,0.987863,0.985079,0.9893,0.989267,0.0324033,0.991468,0.998563,0.107569,0.98934,1,1,0.982924,0.00020408,0.0716001,0.00685061
"rs113767014",0.000297919,0.553016,0.572752,0.988534,0.0727297,0.00706103,0.0675797,0.987863,0.985079,0.9893,0.989267,0.0324033,0.991468,0.998563,0.107569,0.98934,1,1,0.982924,0.00020408,0.0716001,0.00685061
"rs3764647",0.000301841,0.5427,0.56307,0.971609,0.0729213,0.00698601,0.0677239,0.982247,0.986526,0.98367,0.983645,0.0325436,0.985813,0.981501,0.107818,0.990771,0.982924,0.982924,1,0.000206677,0.070265,0.0071674
"rs547447016",6.35209e-05,0.000319964,0.000255398,0.000203134,0.00122543,0.000174996,0.00139983,0.000205072,0.000206691,0.000205714,0.000205686,0.00415668,0.000206998,0.000203439,0.000866475,0.000207641,0.00020408,0.00020408,0.000206677,1,0.00156868,0.000976788
"rs12151021",0.002013,0.0216494,0.0232996,0.0713355,0.371188,0.199179,0.384329,0.071129,0.0710659,0.0708409,0.0708822,0.407991,0.0711694,0.0718917,0.41257,0.0716286,0.0716001,0.0716001,0.070265,0.00156868,1,0.408273
"rs3752246",0.000441918,0.0102394,0.0103701,0.0068075,0.0677602,0.000735865,0.0846969,0.00691042,0.0068833,0.00694376,0.00693034,0.159048,0.00702732,0.00681735,0.020789,0.00675433,0.00685061,0.00685061,0.0071674,0.000976788,0.408273,1
