"","rs75061358","rs149352678","rs76928645","rs151057105","rs74504435","rs77126132"
"rs75061358",1,0.815985,0.713098,0.792786,0.790397,0.78635
"rs149352678",0.815985,1,0.867101,0.964209,0.961094,0.955393
"rs76928645",0.713098,0.867101,1,0.894023,0.891529,0.885561
"rs151057105",0.792786,0.964209,0.894023,1,0.991366,0.98461
"rs74504435",0.790397,0.961094,0.891529,0.991366,1,0.983034
"rs77126132",0.78635,0.955393,0.885561,0.98461,0.983034,1
