"","rs4697814","rs2869771","rs6448400","rs3916085","rs3852118","rs4504245","rs6448444","rs4373155","rs11728636","rs10939105","rs6448450","rs6448451","rs6827852","rs6846529","rs6448453","rs4351014","rs4635810","rs4613558","rs4622992","rs1506790","rs1876266","rs1001158","rs2904297","rs10015233"
"rs4697814",1,0.953377,0.956098,0.803988,0.803722,0.303078,0.131082,0.109811,0.110681,0.128272,0.129095,0.129383,0.128494,0.127838,0.128729,0.129042,0.129042,0.129101,0.129641,0.129989,0.128921,0.129153,0.127983,0.129006
"rs2869771",0.953377,1,0.994764,0.821842,0.820514,0.314377,0.138665,0.116069,0.117101,0.136078,0.137197,0.137502,0.135555,0.135646,0.136825,0.13609,0.13609,0.136147,0.137,0.137294,0.137037,0.137287,0.134951,0.136305
"rs6448400",0.956098,0.994764,1,0.823083,0.821766,0.315816,0.139619,0.116939,0.11803,0.136348,0.137605,0.137761,0.136422,0.135769,0.137233,0.136956,0.136956,0.137162,0.138009,0.138306,0.137296,0.137624,0.135965,0.137315
"rs3916085",0.803988,0.821842,0.823083,1,0.99564,0.326862,0.13882,0.117559,0.118545,0.135738,0.138989,0.138359,0.135461,0.135619,0.139128,0.136094,0.136094,0.136315,0.138227,0.138057,0.137965,0.137477,0.135482,0.137201
"rs3852118",0.803722,0.820514,0.821766,0.99564,1,0.327347,0.139045,0.11818,0.118766,0.136404,0.139226,0.138594,0.136127,0.136283,0.139364,0.136765,0.136765,0.136987,0.138465,0.138293,0.138125,0.137634,0.136075,0.137359
"rs4504245",0.303078,0.314377,0.315816,0.326862,0.327347,1,0.62489,0.551237,0.551999,0.613117,0.619286,0.618994,0.613033,0.611741,0.618364,0.613513,0.613513,0.613772,0.619331,0.618818,0.616436,0.61445,0.610358,0.614937
"rs6448444",0.131082,0.138665,0.139619,0.13882,0.139045,0.62489,1,0.92024,0.924496,0.98258,0.986566,0.986784,0.983571,0.981815,0.985451,0.981248,0.981248,0.981467,0.986461,0.982896,0.97923,0.977579,0.971101,0.978348
"rs4373155",0.109811,0.116069,0.116939,0.117559,0.11818,0.551237,0.92024,1,0.982447,0.923365,0.911384,0.911233,0.922779,0.921845,0.910956,0.92101,0.92101,0.921198,0.910358,0.905535,0.903355,0.901926,0.911135,0.902802
"rs11728636",0.110681,0.117101,0.11803,0.118545,0.118766,0.551999,0.924496,0.982447,1,0.923747,0.928305,0.928161,0.923149,0.921158,0.927221,0.922857,0.922857,0.923257,0.927252,0.922378,0.919971,0.918753,0.911655,0.918112
"rs10939105",0.128272,0.136078,0.136348,0.135738,0.136404,0.613117,0.98258,0.923365,0.923747,1,0.987821,0.987593,0.996552,0.996554,0.986263,0.995111,0.995111,0.995334,0.985058,0.979288,0.97828,0.976629,0.983361,0.975412
"rs6448450",0.129095,0.137197,0.137605,0.138989,0.139226,0.619286,0.986566,0.911384,0.928305,0.987821,1,0.997542,0.985706,0.985735,0.997987,0.985571,0.985571,0.985788,0.994525,0.989391,0.987722,0.985847,0.976068,0.983506
"rs6448451",0.129383,0.137502,0.137761,0.138359,0.138594,0.618994,0.986784,0.911233,0.928161,0.987593,0.997542,1,0.986588,0.986836,0.996424,0.986455,0.986455,0.986229,0.995644,0.98984,0.989061,0.986738,0.97717,0.98462
"rs6827852",0.128494,0.135555,0.136422,0.135461,0.136127,0.613033,0.983571,0.922779,0.923149,0.996552,0.985706,0.986588,1,0.997555,0.985479,0.997221,0.997221,0.996777,0.987155,0.98138,0.979044,0.97673,0.985679,0.978161
"rs6846529",0.127838,0.135646,0.135769,0.135619,0.136283,0.611741,0.981815,0.921845,0.921158,0.996554,0.985735,0.986836,0.997555,1,0.986173,0.994785,0.994785,0.994342,0.984748,0.979643,0.979738,0.97742,0.984363,0.976646
"rs6448453",0.128729,0.136825,0.137233,0.139128,0.139364,0.618364,0.985451,0.910956,0.927221,0.986263,0.997987,0.996424,0.985479,0.986173,1,0.985345,0.985345,0.985562,0.994525,0.988944,0.98772,0.986067,0.97562,0.983281
"rs4351014",0.129042,0.13609,0.136956,0.136094,0.136765,0.613513,0.981248,0.92101,0.922857,0.995111,0.985571,0.986455,0.997221,0.994785,0.985345,1,1,0.999555,0.989904,0.980578,0.978468,0.975939,0.984682,0.977146
"rs4635810",0.129042,0.13609,0.136956,0.136094,0.136765,0.613513,0.981248,0.92101,0.922857,0.995111,0.985571,0.986455,0.997221,0.994785,0.985345,1,1,0.999555,0.989904,0.980578,0.978468,0.975939,0.984682,0.977146
"rs4613558",0.129101,0.136147,0.137162,0.136315,0.136987,0.613772,0.981467,0.921198,0.923257,0.995334,0.985788,0.986229,0.996777,0.994342,0.985562,0.999555,0.999555,1,0.989455,0.980352,0.978242,0.975935,0.984461,0.976921
"rs4622992",0.129641,0.137,0.138009,0.138227,0.138465,0.619331,0.986461,0.910358,0.927252,0.985058,0.994525,0.995644,0.987155,0.984748,0.994525,0.989904,0.989904,0.989455,1,0.989946,0.988278,0.985737,0.979276,0.98695
"rs1506790",0.129989,0.137294,0.138306,0.138057,0.138293,0.618818,0.982896,0.905535,0.922378,0.979288,0.989391,0.98984,0.98138,0.979643,0.988944,0.980578,0.980578,0.980352,0.989946,1,0.99474,0.993298,0.984353,0.992064
"rs1876266",0.128921,0.137037,0.137296,0.137965,0.138125,0.616436,0.97923,0.903355,0.919971,0.97828,0.987722,0.989061,0.979044,0.979738,0.98772,0.978468,0.978468,0.978242,0.988278,0.99474,1,0.996758,0.986893,0.994407
"rs1001158",0.129153,0.137287,0.137624,0.137477,0.137634,0.61445,0.977579,0.901926,0.918753,0.976629,0.985847,0.986738,0.97673,0.97742,0.986067,0.975939,0.975939,0.975935,0.985737,0.993298,0.996758,1,0.986115,0.993855
"rs2904297",0.127983,0.134951,0.135965,0.135482,0.136075,0.610358,0.971101,0.911135,0.911655,0.983361,0.976068,0.97717,0.985679,0.984363,0.97562,0.984682,0.984682,0.984461,0.979276,0.984353,0.986893,0.986115,1,0.992003
"rs10015233",0.129006,0.136305,0.137315,0.137201,0.137359,0.614937,0.978348,0.902802,0.918112,0.975412,0.983506,0.98462,0.978161,0.976646,0.983281,0.977146,0.977146,0.976921,0.98695,0.992064,0.994407,0.993855,0.992003,1
