"","rs10749609","rs7097656","rs7922621","rs7910643","rs7900536","rs6586028","rs7896832","rs1902660","rs9633740","rs2343551","rs7080009","rs1870138","rs1870137","rs1870148","rs10748526","rs1878036","rs7096909"
"rs10749609",1,0.991842,0.991986,0.991985,0.992278,0.98315,0.989797,0.989215,0.983129,0.985444,0.984868,0.985881,0.983262,0.892007,0.962085,0.9602,0.909427
"rs7097656",0.991842,1,0.998974,0.998974,0.998973,0.990342,0.997361,0.996483,0.990627,0.992967,0.992381,0.99224,0.990484,0.898998,0.956651,0.967597,0.916321
"rs7922621",0.991986,0.998974,1,0.999707,0.998828,0.990503,0.996923,0.996046,0.9902,0.992535,0.99166,0.991808,0.989762,0.898363,0.956236,0.966895,0.915654
"rs7910643",0.991985,0.998974,0.999707,1,0.998827,0.990793,0.99663,0.995752,0.989906,0.992242,0.991658,0.991515,0.989761,0.89835,0.955946,0.966891,0.915645
"rs7900536",0.992278,0.998973,0.998828,0.998827,1,0.990493,0.997215,0.99663,0.990484,0.992822,0.992238,0.992388,0.99034,0.898874,0.95651,0.967169,0.916187
"rs6586028",0.98315,0.990342,0.990503,0.990793,0.990493,1,0.988598,0.988018,0.981848,0.984197,0.983897,0.983777,0.982025,0.906453,0.948149,0.958962,0.923082
"rs7896832",0.989797,0.997361,0.996923,0.99663,0.997215,0.988598,1,0.998827,0.992974,0.994434,0.993557,0.993705,0.992533,0.900123,0.957791,0.968756,0.91771
"rs1902660",0.989215,0.996483,0.996046,0.995752,0.99663,0.988018,0.998827,1,0.993269,0.994436,0.994145,0.994291,0.993119,0.900137,0.957508,0.967895,0.917439
"rs9633740",0.983129,0.990627,0.9902,0.989906,0.990484,0.981848,0.992974,0.993269,1,0.989743,0.989153,0.989315,0.987852,0.895915,0.953251,0.963557,0.913012
"rs2343551",0.985444,0.992967,0.992535,0.992242,0.992822,0.984197,0.994434,0.994436,0.989743,1,0.997652,0.997801,0.996041,0.903147,0.961245,0.971928,0.920798
"rs7080009",0.984868,0.992381,0.99166,0.991658,0.992238,0.983897,0.993557,0.994145,0.989153,0.997652,1,0.997802,0.995749,0.905354,0.962684,0.973372,0.922757
"rs1870138",0.985881,0.99224,0.991808,0.991515,0.992388,0.983777,0.993705,0.994291,0.989315,0.997801,0.997802,1,0.995604,0.903338,0.961968,0.972375,0.921797
"rs1870137",0.983262,0.990484,0.989762,0.989761,0.99034,0.982025,0.992533,0.993119,0.987852,0.996041,0.995749,0.995604,1,0.905812,0.962817,0.973523,0.922893
"rs1870148",0.892007,0.898998,0.898363,0.89835,0.898874,0.906453,0.900123,0.900137,0.895915,0.903147,0.905354,0.903338,0.905812,1,0.894909,0.905622,0.879475
"rs10748526",0.962085,0.956651,0.956236,0.955946,0.95651,0.948149,0.957791,0.957508,0.953251,0.961245,0.962684,0.961968,0.962817,0.894909,1,0.979181,0.927417
"rs1878036",0.9602,0.967597,0.966895,0.966891,0.967169,0.958962,0.968756,0.967895,0.963557,0.971928,0.973372,0.972375,0.973523,0.905622,0.979181,1,0.945317
"rs7096909",0.909427,0.916321,0.915654,0.915645,0.916187,0.923082,0.91771,0.917439,0.913012,0.920798,0.922757,0.921797,0.922893,0.879475,0.927417,0.945317,1
